-7.070885313943757100e-003 -4.444583571170878500e-002
-1.496761166165536700e+001 -1.504523744675260300e+001
-2.399543916864357800e+001 -1.002924494713055000e+001
-1.500600881807431000e+001 -4.573784606313768800e-002
-2.398701190615130200e+001 -5.091014663524433100e+000
7.633513313966311400e-002 -1.503467387460690000e+001
-1.496204879587145700e+001 -1.504067844613680000e+001
7.080008262140147200e-002 -1.502742627470568200e+001
1.505929572315977300e+001 -1.499137468252134100e+001
7.610499422562799800e-002 -1.502643231069096100e+001
1.498985658252682600e+001 1.670781758207384700e-002
1.499433582124009100e+001 1.114395455959726900e-002
-2.752635155699767500e-002 1.504132255849623500e+001
1.501377525896416500e+001 1.505059955963139000e+001
-3.089248367377184200e-002 1.503087864754327900e+001
-1.503198528110316400e+001 1.497434748451178300e+001
-2.887702645909140400e-002 1.503262050550886300e+001
-2.404848673556921700e+001 4.967596873655980800e+000
-1.501175863297568100e+001 -5.097161168926156400e-002
-2.404540050168025200e+001 9.954737100975268800e+000
-1.502787678262627200e+001 1.497928212957714900e+001
-2.398803661209388200e+001 -1.002811828774967900e+001
-2.399179402825701500e+001 -5.089458326034608700e+000
-1.500142627780971300e+001 -4.744232334739891000e-002
-2.402736602956720100e+001 -2.316353255954032400e-002
-2.405055270295186200e+001 4.966426297598018500e+000
-2.403103960547495200e+001 9.952479373242422200e+000
-3.003313630596754500e+001 -1.504514088366402700e+001
-2.400468023540552300e+001 -1.003182122229844000e+001
-2.898759356250086200e+001 -1.003013592113962100e+001
-3.398705835334264000e+001 -1.002252337772508600e+001
-2.399235045326570400e+001 -5.083431914422517300e+000
-3.900032892451455500e+001 -1.004735722066265100e+001
-2.900997495747821000e+001 -5.031751765538914800e+000
-3.401525737112901000e+001 -5.052473648873533600e+000
-3.900158821730249100e+001 -5.047175694052468100e+000
-2.902290672837102600e+001 -3.973958006521272100e-002
-2.996266160859661600e+001 -3.004848503824538500e+001
-2.400771183895584200e+001 -1.002648360409461500e+001
-3.004095892119164200e+001 -1.504330083622452800e+001
-1.494364378721937200e+001 -3.001199571691273600e+001
7.044342406821924000e-002 -3.003042326596650800e+001
1.505933801523746700e+001 -2.998203911755252400e+001
6.473068862936592900e-002 -3.003245036869154600e+001
1.068072005198814600e-001 -4.498062700176058800e+001
3.006946613492504000e+001 -2.995621890841544400e+001
1.505438144427248100e+001 -2.998286096831122200e+001
3.003569840528598800e+001 -1.496013437020353700e+001
3.007151183954423200e+001 -2.995692312359688700e+001
3.002694638836647900e+001 1.248445669541631300e-003
3.003185876788683500e+001 -1.497089784033458100e+001
3.003009969434253200e+001 7.792829841396162200e-004
2.998714765940847800e+001 1.504093473336779000e+001
3.003500260051030300e+001 6.735645033099757500e-003
3.000463854035194100e+001 3.000318549600447300e+001
3.000096266423144100e+001 1.503658081852183400e+001
1.494388257469813500e+001 3.002145833638756800e+001
2.998453956328479800e+001 2.998953064969279200e+001
-5.251775514285128600e-002 4.501650865426633200e+001
-5.710654939247739000e-002 3.003301694261121200e+001
1.494518863091559900e+001 3.001819789455635100e+001
-6.045807264577662800e-002 3.003301700796197300e+001
-1.506467852008288400e+001 3.001102438463785300e+001
-2.406198062871052600e+001 9.938651835920563100e+000
-3.000250884737856400e+001 1.496014635800679600e+001
-3.002930222910345000e+001 2.994224597387777500e+001
-2.901974980948465800e+001 -3.368474799582266100e-002
-3.901629931781213400e+001 4.949975335427394500e+000
-3.402996220088584100e+001 4.968794470130320400e+000
-2.900804812982364900e+001 4.974778583520191000e+000
-3.902129376675359400e+001 9.941911486087930100e+000
-2.405474613419645300e+001 4.968028036007558200e+000
-3.403581286493209700e+001 9.959094682265554600e+000
-2.902040260531917300e+001 9.991119383073447900e+000
-2.402350295009659200e+001 9.956883801091345600e+000
-3.000820933527881400e+001 1.496596125732537200e+001
-2.899777963938771200e+001 -1.005283287782895300e+001
-3.899117677847374400e+001 -1.004886462511679900e+001
-4.400319617295272700e+001 -1.002919114677128600e+001
-3.397664271403977700e+001 -1.001260750971569100e+001
-2.400526832312278500e+001 -1.001843496219854800e+001
-4.399837513924329400e+001 -5.060279059443236500e+000
-3.901505078139722100e+001 -5.044600836049733400e+000
-3.401307187016485800e+001 -5.049505676863177900e+000
-2.900168493891243000e+001 -5.028580530083091900e+000
-2.399364401235836300e+001 -5.080718635708469900e+000
-4.401601207417091600e+001 -6.059531328267844800e-002
-3.901421905938858000e+001 -4.716324542336018000e-002
-2.902018321266881500e+001 -2.902362141636973000e-002
-3.399271266268039700e+001 -4.569155552006006600e-002
-2.401834522241239600e+001 -2.572009991519877400e-002
-2.404936106482291400e+001 4.982703111581821000e+000
-4.398351817343170500e+001 4.962252325418498700e+000
-3.902684936195391400e+001 4.952675758597054700e+000
-3.403249765106458800e+001 4.980485683780290900e+000
-2.901085705624223400e+001 4.983958936893984100e+000
-3.404169028665791800e+001 9.959801858620791000e+000
-2.404923505060311200e+001 9.962377790267437300e+000
-4.401234204825428300e+001 9.942989086974021600e+000
-3.902009989406614900e+001 9.947646346552343000e+000
-2.902090195768627700e+001 9.997913402177387000e+000
-4.503407703603164700e+001 -1.504256422660805900e+001
-4.401510061232442400e+001 -1.002899079802651300e+001
-4.399247743350856200e+001 -5.056350442559835100e+000
-4.496428552835117600e+001 -3.004621552178060300e+001
-4.503709213138634500e+001 -1.505414293688608400e+001
-2.996092040251721000e+001 -3.004566614427211500e+001
-1.495504224459548400e+001 -4.505784960829782900e+001
-2.994786690627973200e+001 -4.505439056869421000e+001
-1.494918647756710000e+001 -4.506276911474481000e+001
9.331449400844865600e-002 -6.004005536069518500e+001
9.312893861267762500e-002 -4.499550953166108500e+001
1.509968941353739400e+001 -4.497860387901376100e+001
3.007898875639633500e+001 -4.498811995264302500e+001
1.511249626952738700e+001 -4.498868464345089500e+001
3.006958842978228200e+001 -2.996897647705404200e+001
3.007537692403979400e+001 -4.499470791361118000e+001
4.503783888859009500e+001 -1.497767711056923200e+001
4.507189516952075800e+001 -2.997250724317730400e+001
4.504093730551618100e+001 -1.497209465850622900e+001
6.003555239841546900e+001 3.901458944136826400e-002
4.504690289868738500e+001 2.749049255427593600e-002
4.500445508176130000e+001 1.508214467674883300e+001
4.501565657375582700e+001 3.005305296012547300e+001
4.500843395691872200e+001 1.508026129652269500e+001
2.996180683335532500e+001 4.505036550389331800e+001
2.999960802248156400e+001 2.999142170438780000e+001
1.496749939899555100e+001 4.500631414647365600e+001
2.996174568702833700e+001 4.504330100580889300e+001
1.496091891714844600e+001 4.500894506015271200e+001
-5.213518921654453100e-002 4.501650167321071900e+001
-6.212973078841210800e-002 6.000495095481225900e+001
-1.506821569973743300e+001 4.501589252478029100e+001
-3.005001976884260600e+001 4.494517719277968100e+001
-1.506208562156753000e+001 4.501476179887050200e+001
-3.002083157925771700e+001 2.994080098493336800e+001
-4.500598758779523900e+001 1.494363785601791000e+001
-4.505873548449394400e+001 2.995479979503700500e+001
-4.398743800610599000e+001 4.955916812740776200e+000
-4.401241428266156000e+001 9.940040372118931000e+000
-4.501100746865189000e+001 1.495319046584349500e+001
-4.399478391309680300e+001 -1.004317189401310500e+001
-4.400198775349869600e+001 -5.063689821836610400e+000
-4.498351668173602000e+001 -5.630295834130880100e-002
-4.401334934901319000e+001 -4.918773852239760600e-002
-6.003037869402954400e+001 -5.778419254449757000e-002
-4.398680935041367200e+001 4.959310569897446000e+000
-4.402096440867796200e+001 9.947669484424372000e+000
-5.995997491533182000e+001 -1.503627064648303200e+001
-7.505141394485490000e+001 -1.508010871782508900e+001
-5.994978404184266200e+001 -3.003995802436407900e+001
-5.996678484577398600e+001 -1.504460490398000700e+001
-5.995746847448560900e+001 -4.513220998270810500e+001
-5.996351161446156700e+001 -3.003575349692147300e+001
-4.493116147399054200e+001 -6.007916953486366700e+001
-4.494326684658383900e+001 -4.504220664231876000e+001
-2.990504285737807800e+001 -6.004638866045592500e+001
-4.492974276649761100e+001 -6.008409208179441000e+001
-1.490885288798356000e+001 -6.004573680211664300e+001
-2.990508539874591100e+001 -6.005162426814181500e+001
8.575689241411588200e-002 -6.004597040200092600e+001
-1.489345304559510700e+001 -7.504393604736176800e+001
-1.489617211365018100e+001 -6.003955055872745600e+001
1.515035822475260100e+001 -7.504042390331596800e+001
9.361894584427688000e-002 -6.003894164048143300e+001
1.735207464969743500e-001 -7.508680954356135800e+001
1.512242558619137300e+001 -6.002795063178438500e+001
1.515560470455841000e+001 -7.503986804457130700e+001
3.010143552947791400e+001 -5.999072330772459300e+001
4.509487563901727500e+001 -4.494149007977278400e+001
4.516209026440864700e+001 -5.996177502926195000e+001
6.009735502682772800e+001 -4.494080576308552800e+001
4.509082481398110800e+001 -4.493992938256619900e+001
6.008409635618936300e+001 -2.993251835022662300e+001
7.506540831368725700e+001 -1.492493621427147200e+001
6.005095037189173700e+001 -1.494331382940277400e+001
7.504431287240048200e+001 7.694554706149769900e-002
6.004275166500422500e+001 3.401064927267416500e-002
7.506684792732667700e+001 -1.491513040497307000e+001
7.501175183924844700e+001 1.505211766009289700e+001
6.004375319177334800e+001 3.965279952933276100e-002
7.503835335945231600e+001 7.089118652226478200e-002
5.990204514186739700e+001 1.504169066656250700e+001
7.502728433301780300e+001 1.504575324834141600e+001
6.000831649098542200e+001 3.001915533743736800e+001
4.493379519709301200e+001 4.506134687135112700e+001
5.996917759675641000e+001 4.508600103431409400e+001
4.494669209475453900e+001 6.007168902559159600e+001
4.493868777719469400e+001 4.507171115171048800e+001
2.991986038221734400e+001 6.008087615914509200e+001
1.491615693220540400e+001 7.504524304753194000e+001
1.492375203292414600e+001 6.004412545010745800e+001
-1.066298915826928700e-001 7.497721731509739100e+001
-4.752050266583873700e-002 6.001149261546864000e+001
1.491388915574784200e+001 7.504349904841845400e+001
-1.511336700105144200e+001 6.003988211438355900e+001
-1.514342172278633000e+001 7.502651338380471200e+001
-7.300904716563749700e-002 6.000985318635542900e+001
-3.011404695572852600e+001 5.997307451297936600e+001
-1.510964815378573800e+001 6.004366163322824700e+001
-4.511632994479170100e+001 5.994870316069837200e+001
-3.011216681454405700e+001 5.997636388130559500e+001
-4.505848664536655700e+001 4.496398418139561000e+001
-4.511784151047113100e+001 5.994787993285994800e+001
-6.009777399611515800e+001 2.997162125633838100e+001
-6.009765991017071200e+001 4.495222760417325200e+001
-6.005139687964684500e+001 1.493619027429315000e+001
-6.010117042136395300e+001 2.997314988659155300e+001
-7.508546847512862100e+001 1.487254765561293400e+001
-6.004256727113851600e+001 1.494274814385048700e+001
-7.500456770391173200e+001 -1.003299191008094100e-001
-6.003573451498267100e+001 -5.077906969140546400e-002
-7.709421044609742100e+001 -1.731295033231432300e+001
-7.504740456917497200e+001 -1.508317663170735700e+001
-9.000774416865617400e+001 -1.511803623111776300e+001
-9.202190789666823900e+001 -1.012591409237088200e+001
-7.504435421383560400e+001 -3.005647030287872200e+001
-7.709644241911684000e+001 -1.731605119493899300e+001
-7.496979290202004600e+001 -4.512894453307967500e+001
-7.505210679878506100e+001 -3.006576735985358100e+001
-5.993675850544062900e+001 -6.009648899242097300e+001
-5.993581737140315400e+001 -6.009435909959786700e+001
-4.487997200527659200e+001 -7.508731266516244300e+001
-2.985885298354261200e+001 -9.010534976956819300e+001
-2.988228541207488900e+001 -7.510025900069696500e+001
-1.486916146690368000e+001 -9.009799873943927700e+001
-1.490245557775793900e+001 -7.503851250086653100e+001
-2.984651791632676800e+001 -9.010267803781721300e+001
1.387063435945661300e-001 -9.004950637929853500e+001
-1.486624248968725600e+001 -9.010204231355456300e+001
1.515182940061691100e+001 -7.504640452508806400e+001
1.515981128273162800e+001 -8.999707861740624500e+001
1.369086278007287700e-001 -9.005063808332670300e+001
3.014965566080998700e+001 -7.505845082774453700e+001
1.516186281981877200e+001 -7.505179536480488900e+001
1.516869483104086000e+001 -8.998632597708500200e+001
4.512725450282202600e+001 -7.497370099712644300e+001
3.014788133254158400e+001 -7.505745635215339500e+001
4.512286157668927400e+001 -7.497564797581942700e+001
6.008767105029745200e+001 -6.001651473979030300e+001
7.513153046064432800e+001 -4.492236269458593500e+001
7.508539678684097400e+001 -2.992116860603315200e+001
7.512984390231579800e+001 -4.492386988496502200e+001
7.506437235173110900e+001 -1.492630897536080600e+001
9.008783369801990700e+001 -2.990102327271268500e+001
7.507177471809389100e+001 -2.991249624264052900e+001
9.011125151623099300e+001 -1.490384512297818800e+001
7.507639970331101200e+001 -1.491905194906581400e+001
9.005008167051772700e+001 9.572506887876006100e-002
7.502230063227422400e+001 1.504312199765559800e+001
9.003152202101192400e+001 1.511554542849610500e+001
7.500142078905616900e+001 3.008148499698341300e+001
7.501857952633160700e+001 1.504676917398537800e+001
7.501664522908370700e+001 4.508709778675363100e+001
7.499477048611633700e+001 3.008131269557877400e+001
7.502214162995092300e+001 4.508868583838318500e+001
5.995166418461128200e+001 6.008829234647061700e+001
4.489347958423306300e+001 7.504973995418247100e+001
2.991320039699144900e+001 7.502975899062043700e+001
4.490159102553679600e+001 7.505451442040387600e+001
1.487993034508757300e+001 9.003390971401040600e+001
1.493236168306636800e+001 7.504518717006971000e+001
2.985341033216773000e+001 9.002732978035525900e+001
2.990664952098612500e+001 7.503841884859841100e+001
-1.203767339831092200e-001 9.003583581328074100e+001
1.487181760989359000e+001 9.004241727848268800e+001
1.491573541507249700e+001 7.504272040183317900e+001
-1.514875252152447900e+001 9.000123780349592600e+001
-1.237972187145235400e-001 9.003684710408902000e+001
-3.013498983637158800e+001 8.997549458242353600e+001
-1.513914809259445900e+001 7.502139920985423800e+001
-1.514811361415051000e+001 9.000760032372888000e+001
-3.015540692339119400e+001 7.500055367018082100e+001
-3.015494279181084300e+001 8.997335395215583300e+001
-4.514335320330227600e+001 7.494214917861754100e+001
-6.011802563618625300e+001 5.994876206884369200e+001
-6.011636825784945200e+001 5.995751595882730800e+001
-7.509646022524241000e+001 2.991167020052416000e+001
-7.509142855654035000e+001 4.493971178036661500e+001
-7.508875967198373800e+001 2.991484135568395400e+001
-9.212395385867297600e+001 9.955089817790224100e+000
-9.002430212655693300e+001 1.491178680497211700e+001
-7.507159875043596700e+001 1.487499571102328300e+001
-9.201301829792078000e+001 -1.011271282881070000e+001
-9.202564825051904100e+001 -5.105925157203742500e+000
-9.200238470205043500e+001 -1.151959888405443800e-001
-8.999351448657967000e+001 -7.822433211632121000e-002
-9.203767738380896900e+001 4.881606343320277700e+000
-9.212643126675062900e+001 9.951244751791669800e+000
-1.050211244034629300e+002 -1.516333123438335100e+001
-9.202503496122992000e+001 -1.012014446991564800e+001
-9.700648054191951500e+001 -1.011780289996408300e+001
-1.020521771865865900e+002 -1.011407080305469100e+001
-1.070389025992854500e+002 -1.016327940103275800e+001
-9.701356704893549900e+001 -5.115379689871781800e+000
-1.020088726293524100e+002 -5.154531546298946100e+000
-1.070307859659289100e+002 -5.138348546663159800e+000
-8.996547814421711600e+001 -3.011468813961107200e+001
-1.049865516067471800e+002 -3.010470174559999300e+001
-8.993283581478397100e+001 -4.513616901089688600e+001
-8.997977040033805500e+001 -3.012526700103624900e+001
-7.491361140759897800e+001 -6.012010322488825400e+001
-8.995052485075670700e+001 -6.014295007776533500e+001
-7.490275595556197200e+001 -7.514652518828728500e+001
-7.490701560522697400e+001 -6.012100288820018800e+001
-5.996410497134088800e+001 -7.517909340567592800e+001
-7.490747637172474100e+001 -7.514482207795970200e+001
-5.982636302225408500e+001 -9.008875596019562700e+001
-5.997856318224305000e+001 -7.517528448298854500e+001
-4.488883074883820300e+001 -9.012191390994726700e+001
-2.983656960509423700e+001 -1.050923771185665900e+002
-2.985180429280280400e+001 -9.010132133704516400e+001
-1.485757848439781300e+001 -1.050907803324337700e+002
1.989388086921743400e-001 -1.050742370323842500e+002
1.518844089203435000e+001 -1.050869748103761100e+002
3.015092569137197700e+001 -9.004856706273588400e+001
3.013394604698566300e+001 -1.050279030138814000e+002
4.516165332743244700e+001 -8.998699036827912300e+001
3.016147818121103100e+001 -9.006020927319059400e+001
6.016811761892405000e+001 -8.998175577092496300e+001
7.516406719338573300e+001 -7.494573624346794800e+001
6.013425566179672200e+001 -7.492949155208909000e+001
7.511642242139321000e+001 -5.994991998903442000e+001
7.516025615257251500e+001 -7.495133475005515300e+001
9.013473033325540500e+001 -5.990188417193825600e+001
7.509995670737511400e+001 -5.993455091435274100e+001
9.006801098518194200e+001 -4.497338963913235700e+001
1.050821367997136800e+002 -2.988027351891990700e+001
9.008734323535269100e+001 -2.990231342599454200e+001
1.050707905192017200e+002 -1.487197482256982700e+001
1.050612646652047000e+002 1.256450764292509300e-001
1.050442136623944800e+002 1.511210997199925500e+001
8.998541346821163200e+001 3.011079563678956800e+001
1.050218924061748700e+002 3.014331587284425900e+001
8.997631529181860800e+001 4.514385412096677200e+001
7.499141472438280700e+001 6.014209543797233700e+001
8.994759811826092700e+001 6.013324538895904000e+001
7.488867169086660200e+001 7.506658011192769200e+001
7.497741870210545300e+001 6.014881738962711200e+001
5.990543515862965800e+001 7.509019611716817600e+001
7.489849840418931100e+001 7.507542949270715800e+001
5.988017207587974900e+001 9.010214131072163500e+001
5.990332797020104000e+001 7.509839667138487600e+001
2.986918332570378000e+001 9.002459001967452000e+001
4.491914005040448600e+001 9.006105161953246400e+001
2.985831473762264600e+001 1.050582616063989700e+002
2.986464138093207100e+001 9.002602821655473500e+001
1.484027273293914800e+001 1.050463735051509100e+002
-1.439809553930518900e-001 1.050608310565506000e+002
-1.501394305817366300e+001 1.049634356304221700e+002
-3.015789685900152500e+001 8.997314153495672400e+001
-3.017250514679015100e+001 1.049917708779894700e+002
-4.525252279030610900e+001 9.005387377027484800e+001
-3.016550326446938600e+001 8.998202983398300600e+001
-6.016098900318581900e+001 7.493555394926208600e+001
-6.019623837146967600e+001 8.993859104690808700e+001
-7.512466564516370200e+001 7.494637614524072000e+001
-6.013914741508620700e+001 7.494297521744599100e+001
-7.512485883528445600e+001 5.991643497508890400e+001
-7.512418999746408600e+001 7.495251111344310900e+001
-9.013805496229703400e+001 5.993155960490881300e+001
-7.515314248085167000e+001 5.990915142611431300e+001
-9.008522091161269400e+001 2.989322627260322200e+001
-9.008951491263196900e+001 4.493049655605687300e+001
-1.050658375171368100e+002 2.989585600665006700e+001
-9.008863545113044300e+001 2.989032459844561600e+001
-1.020301592879877400e+002 4.861433408746229600e+000
-9.700845660134668000e+001 4.892279270452936800e+000
-1.070155627083563400e+002 9.883806333497126700e+000
-1.020485384645528600e+002 9.858968050056860800e+000
-9.705920158592972800e+001 9.895289399283580400e+000
-9.212093214942240100e+001 9.948889259010508500e+000
-1.050809282169750200e+002 1.491041150102314600e+001
-9.700828866319147900e+001 -1.011620003232315100e+001
-1.070405910344685600e+002 -1.014865994930281100e+001
-1.020432790836472200e+002 -1.011521151814116400e+001
-1.020062366874938200e+002 -5.153970811878170200e+000
-9.701552322175601300e+001 -5.114387442473615800e+000
-1.070335832488908400e+002 -5.135519395344967800e+000
-9.702068660082331100e+001 -1.685807091490302800e-001
-1.070329760656233200e+002 -1.557512235216291200e-001
-1.020546731962020700e+002 -1.176707889784803000e-001
-9.702691487819372200e+001 4.884174841470295900e+000
-1.070623924962154500e+002 4.829737490633164900e+000
-1.020284389431178100e+002 4.864569389343977900e+000
-1.020498211196412200e+002 9.857207578384759500e+000
-1.070190948197773500e+002 9.873814558787227500e+000
-9.705753656307177800e+001 9.899654799810850400e+000
-1.200425219652186400e+002 -1.515300392031183000e+001
-1.119864835493858000e+002 -1.014460910996048200e+001
-1.120333919581064800e+002 -5.151886984788065500e+000
-1.200077672951808000e+002 -3.017194203228078600e+001
-1.049644239892446600e+002 -4.512143462885953200e+001
-1.199968342574009500e+002 -4.515880453281865700e+001
-1.049391777716176900e+002 -6.015642808597645800e+001
-8.990778502515704000e+001 -7.517670860096002600e+001
-8.987491928270554800e+001 -9.017618595191717600e+001
-8.990242855370929900e+001 -7.516176424284678600e+001
-7.486887411315800000e+001 -9.014198134313053900e+001
-5.981800682674592900e+001 -1.051246921059062900e+002
-4.482728919158845600e+001 -1.051252519370127100e+002
-5.984340597061753900e+001 -1.051262146991231800e+002
-4.479516809401430100e+001 -1.200967239312273600e+002
-4.483813334366757900e+001 -1.051139064026605500e+002
-2.976831474841928900e+001 -1.201099208852829000e+002
2.117685741528188000e-001 -1.200535936407203800e+002
-1.479640487062855100e+001 -1.200994311720944000e+002
2.055055487744219500e-001 -1.200546879179971700e+002
3.022750621429209200e+001 -1.200430211829687600e+002
1.518891054802630500e+001 -1.200596707249580800e+002
4.521816404333804200e+001 -1.200113341637552200e+002
3.021130528197848600e+001 -1.200666074416894800e+002
4.518706319609686500e+001 -1.050014978424442700e+002
4.521556496863499300e+001 -1.200096929855794500e+002
6.018712543345881700e+001 -1.049769607468340100e+002
7.517492891490697100e+001 -8.997794726083660100e+001
9.024139763307002200e+001 -8.985886506252802500e+001
9.017501439674678900e+001 -7.491231162443857300e+001
1.051489283115356800e+002 -5.989693740048130600e+001
1.201644421789231800e+002 -4.482090546442633200e+001
1.051189634027247500e+002 -4.486737631394188200e+001
1.201172961306272200e+002 -2.985316031104567400e+001
1.201730334489308500e+002 -4.481492764616656600e+001
1.200537541657109100e+002 -1.483451264555860800e+001
1.201222598283265200e+002 -2.985426567759935100e+001
1.200560315055345200e+002 1.206030596512839300e-001
1.200637198471965500e+002 -1.483971571813132300e+001
1.200255042621449600e+002 1.515587681822569100e+001
1.200667761765629000e+002 1.123016295584191600e-001
1.199948176729145600e+002 3.009668058954646600e+001
1.200317461448645000e+002 1.514983119632566400e+001
1.199928200000030900e+002 4.515549453357210300e+001
1.199991778092451300e+002 3.008958317013905400e+001
1.049816626866393700e+002 4.514437866953655000e+001
1.199923806763659700e+002 4.516446356173310800e+001
1.049707909770801400e+002 6.014648733425301700e+001
8.993325394320727600e+001 7.514325276365683200e+001
8.993625978526888800e+001 9.015507738809401400e+001
7.488440541431589300e+001 9.015313444147629700e+001
5.991206252174292500e+001 1.051512025232869400e+002
4.484180297403848000e+001 1.201453767037630100e+002
4.486991925982901800e+001 1.050860238693523600e+002
2.984112896172949500e+001 1.200568757238988000e+002
4.483908022871297300e+001 1.201461073820737400e+002
1.481963267176152100e+001 1.200892524800195200e+002
2.982579059208973100e+001 1.200573157416749800e+002
-2.228116699259707900e-001 1.201176408820211300e+002
-1.521365779782264100e+001 1.200317628400766500e+002
-2.197028251664736600e-001 1.201213537025658600e+002
-3.025385003213490600e+001 1.200282955114907300e+002
-1.521957497081533500e+001 1.200411418331356100e+002
-4.524780562098273900e+001 1.050297680545862600e+002
-4.525255519421584400e+001 1.199959987172011300e+002
-6.018917808909179000e+001 1.049480198577101100e+002
-4.527066007588266000e+001 1.050321754669455700e+002
-6.018817444869237200e+001 1.049531975598328000e+002
-7.517378204774546200e+001 8.993316699695302000e+001
-9.014979938784540500e+001 7.491145006414269900e+001
-9.017630327289676000e+001 8.990056264193881900e+001
-9.014894361443671800e+001 7.491801380895142900e+001
-1.051266855301172100e+002 5.989005980658263400e+001
-1.201281257453647400e+002 4.486474772326648300e+001
-1.051005992276393800e+002 4.487947030243984900e+001
-1.201076661375121800e+002 2.985519900708645100e+001
-1.120787851277574600e+002 4.821637779967439000e+000
-1.120586913189575300e+002 9.839024923020042800e+000
-1.201083801790101100e+002 1.483026973285600100e+001
-1.119801762595543700e+002 -1.014754558974901100e+001
-1.120244531292386800e+002 -5.153429541336450400e+000
-1.120267990389337200e+002 -1.520562125583473400e-001
-1.200569692112611800e+002 -1.470703454108381300e-001
-1.120762835768444900e+002 4.817481436649383200e+000
-1.120592476238621100e+002 9.838464965496845200e+000
-1.302377648827961400e+002 -1.947359465931649000e-001
-1.200493940217790200e+002 -1.525140211579687200e-001
-2.156934135806045600e-001 1.201257104704143500e+002
-5.555651958536767000e-002 1.302448946560747900e+002
1.304101742909858800e+002 3.232274219640815500e-001
1.200567516586634700e+002 1.189563214514981200e-001
2.961342987392606700e-001 -1.302699402238568800e+002
2.120318129249742200e-001 -1.200537280259051000e+002
